0.00113176290048 -0.230391753219 15.0864730384 -266.948375399
0.00208212984874 -0.908994851242 131.979115863 -6326.21059206
0.00117032868243 -0.701972159466 139.962811589 -9226.04096264
0.000657523016006 -0.741810605925 278.21291897 -34628.7005052
0.00106680338603 -1.40536154997 616.535408263 -90020.0554661
0.00123667566821 -1.81940695237 891.634563502 -145502.307314
0.00124926160187 -2.0475665439 1118.03805084 -203325.59755
0.0011964844047 -2.18970230012 1335.17671414 -271193.979509
0.00118013551157 -2.37481023909 1592.3041627 -355673.074673
0.00137626668095 -2.91994624636 2064.40324357 -486313.982649
0.00125151981507 -2.75384017424 2019.1137984 -493230.972522
0.000904415380022 -2.29239209484 1935.9310961 -544652.913056
0.000742349997141 0.00227433928343 -1.15206051911 58.4075206353
0.000772202106226 -1.81379536848 1419.00828484 -369691.924367
0.000857296062441 -0.64088833928 158.693820765 -12958.5165267
0.000927305709118 -0.864637662053 267.799669064 -27495.1820689
